4062
992
1027
1038
1052
3132
4837
4869
14603
11994
1252
1254
1263
1281
1285
1892
16661
5612
5634
2656
379
388
416
2963
29281
9334
9340
9391
1543
1580
12128
1190
305
328
2111
2121
4954
4960
1291
9027
8890
11016
12117
8896
10028
10079
5544
5555
5561
5656
5657
2138
12779
1845
1883
1890
1328
365
2507
4853
3325
347
961
12354
4091
1367
1368
744
536
10093
2680
17035
17047
422
5416
5428
5434
4547
4548
4561
20320
22472
29858
5885
9185
9192
9833
9851
9879
5699
5735
25478
25490
25493
25496
25516
25517
25518
25521
25535
25536
25538
5672
12130
12140
12146
17895
17900
17927
6787
6721
1558
7279
7286
7325
12383
12389
12397
12400
9250
9301
11966
11978
9436
9444
9451
9420
15566
16836
16848
37498
4799
12917
850
891
9921
9934
2588
5838
11827
8519
8933
7560
7567
8960
8975
8983
5907
5919
6570
7404
1086
1102
18084
1996
1997
2022
33031
12536
12544
12545
12547
12550
1145
26844
26877
41305
42601
12731
23566
23592
4894
29425
29433
29437
14334
15909
30647
44062
11101
11103
11134
11146
11147
17797
7070
1972
17590
12442
9603
9625
10052
10098
19094
13951
13968
13978
14010
11963
11968
25341
5390
364
370
2567
2588
18640
18641
18666
23742
5011
5014
11988
14869
14874
14887
14898
25065
7057
32016
1226
1230
746
11788
13278
29111
14913
16596
7595
108
138
145
191
12478
11580
11588
9103
9114
10011
10024
10034
18951
13813
13827
13842
13854
13857
13860
155
4711
4714
4715
4716
1181
23056
21048
11561
11711
44406
18690
8308
8329
5641
5711
4146
5710
47126
21948
1818
1843
23171
23175
23188
23195
42517
42520
9512
19782
19784
19812
19816
19827
14867
7680
7694
7761
7769
13864
4142
3755
7236
12316
12318
12319
22443
22446
7945
15387
2590
10828
25941
8873
12558
12559
12586
12603
9863
3114
9342
9085
9105
15213
15222
15261
25896
25926
22074
7463
7489
7490
15682
6396
1720
23629
1543
4430
4432
27057
27072
4628
2886
8960
10951
11500
1955
1967
1971
1976
1987
1989
24876
24878
24884
24900
53952
53988
4422
5137
48293
8043
8046
24472
5985
6028
6034
20421
5389
19228
24481
12526
26481
18169
30263
8603
8609
8633
4988
8491
10164
10184
10205
27354
23851
17523
17732
31667
31759
10110
86
206
221
36039
36069
8055
15892
20458
13245
39549
8529
8577
6425
21387
21401
21406
21429
16626
16658
27785
33865
14358
21727
21748
1881
16906
8367
26653
26660
24126
5974
18319
9390
27942
12918
6523
38474
38480
4962
13696
13704
20624
20628
24281
19659
19674
19686
19689
5381
52636
59664
50108
50160
6437
6455
15375
9098
9117
9120
6938
46251
20600
21415
5965
6220
18734
18764
18777
18783
23678
23690
20689
20727
17107
17681
17690
13943
13945
18165
36887
40858
40872
777
9910
10067
17037
4894
8776
20872
14514
5705
9567
9573
9582
6546
17441
47119
6939
6961
14278
18070
3034
15897
1363
54941
30103
18132
26789
26790
26807
4076
14334
14358
18177
24124
8087
5016
16401
16405
27863
27880
27921
16894
16895
16896
22976
19416
19435
16188
26078
17446
15909
15912
39777
39799
7779
7795
7806
7822
7830
7831
7833
7835
6922
6938
16617
21605
5323
23207
34102
38796
28638
28654
19239
27433
27436
27445
27456
27465
27485
40393
40438
52687
11115
58170
27131
18219
18222
18229
10246
12639
38204
17447
17465
17502
44288
35047
14481
29808
29862
33334
22716
22724
22726
22733
22736
22781
22823
22830
4577
10802
10815
28259
28697
8719
39186
27071
49695
14891
1834
25388
11816
1106
1119
5088
16643
16652
5302
5305
5312
15285
32436
32446
27645
43246
22618
22625
22669
24254
24259
15708
15728
10968
11011
11013
20596
33878
8133
44889
51082
51091
51103
2481
21390
21393
19086
19103
19121
19141
17201
17210
19226
3583
3609
26891
86363
86365
9712
14892
35563
15595
16018
16039
23159
6996
7030
925
26570
26614
26615
26621
30858
37488
53561
38518
38523
38525
14790
14810
22436
323
10512
23037
7828
7829
7830
18565
31377
31401
47567
1905
19617
19631
12725
8587
8601
14613
26726
30271
8703
8714
8720
5528
5535
5547
5550
5553
5560
5562
2750
18824
18826
18831
18840
18850
35806
48013
15368
51550
33063
33067
1396
31333
12734
12735
346
20270
20271
12821
8286
8295
8296
8302
8305
8311
8319
8346
8086
7883
10606
1705
1709
1728
1730
1731
1742
1880
1939
4032
4065
34833
34843
34862
3660
44997
3598
27400
34145
34156
16112
19889
30764
76735
10880
24920
31578
7154
13100
14258
13938
13955
26108
26116
42908
42932
9002
4792
4793
4821
4974
4986
5013
32315
8714
43987
59149
59167
59177
24224
23872
3431
37028
31844
22088
22108
22131
20733
29472
29488
29509
18666
18674
18685
102249
336
372
379
63847
63856
63892
45526
45544
3161
20674
49729
32983
33012
12565
12578
12621
31397
33559
28214
11218
48701
5779
38769
4583
4604
42008
33159
12948
87860
87864
30153
30176
4405
4410
393
33159
18134
18143
3716
8398
26747
11125
11139
11145
11167
11178
1985
2001
27784
71720
71725
35068
20613
58075
60393
31669
37295
42313
42329
3969
38690
45532
45544
58340
9017
32872
9598
9616
9624
43523
43524
54864
54885
56839
56887
56888
39641
39648
31993
32819
32820
32823
11472
11474
4054
2780
2783
12535
28769
31311
3941
34274
15046
24516
24534
24577
34418
34419
34420
26745
26748
26753
26756
26764
60435
60481
22699
22737
22741
29271
43571
43865
53756
28018
1512
1515
2640
31559
31561
31566
31571
22207
22221
22227
22229
22254
24517
24520
3327
10212
8567
8570
19039
19054
19081
19968
20017
35021
35031
35046
35062
814
1762
1788
5967
45313
45315
47557
47581
47675
58891
18393
23022
23084
6225
37331
36871
36877
31799
31829
31842
5954
5977
5980
21784
10521
10544
10545
10560
10561
10571
5760
26255
15193
20266
14861
20679
51547
56728
23552
32869
32900
34621
54267
20230
20233
20251
20277
20280
30615
30622
34727
34738
34774
6750
6761
6766
6784
6801
15569
6949
6962
37832
33348
33378
14022
16055
32988
33005
33022
1401
21810
55046
55089
12426
12452
28064
100248
100281
100289
48153
15780
28609
28923
45492
45909
43784
43793
43794
43812
65801
1116
54293
54294
54297
44789
44810
5887
47858
47863
29796
8801
43931
43934
43942
43959
43961
10223
18057
25632
45067
20308
5207
3533
28393
28412
30663
30671
30690
4032
27736
5043
5057
29
47359
4500
4505
4506
4513
2509
2525
17903
13919
13962
1600
82066
82912
69010
45926
45934
45946
45952
45964
60592
60749
60782
60129
33423
15097
15112
55145
7526
7556
10409
10440
5918
5955
540
2115
36694
19267
33753
33758
33790
33791
47371
47402
46962
61506
29369
18212
18219
18233
18239
688
744
38511
38531
4701
8015
8019
86485
86490
33409
45338
7676
17946
30677
30683
30704
30713
5777
77147
3879
3903
39588
39633
39816
39820
28106
28150
28325
17722
17740
80634
296
82901
14465
13925
13927
51481
51523
15960
35481
58205
1728
23499
8442
54262
17378
17411
32070
9496
12177
12185
12186
12196
12209
12218
12223
15723
15744
66710
2268
11656
11661
11663
48224
48242
23975
23982
17725
17743
17747
61895
61934
16639
38552
38557
38563
38593
66535
54768
21093
21131
40144
34311
7018
7037
7042
7062
7065
21215
27115
27117
35407
34836
34868
20486
32056
32058
32059
32063
32065
46484
46494
46496
46512
24739
24741
24745
24746
25929
25950
25959
25964
25971
25975
25977
25999
26011
26037
26050
7344
34151
34156
28367
28380
28390
20784
17117
17285
62377
29709
11360
64413
64428
64443
13690
13692
627
665
670
27840
27845
27869
27870
30487
28826
28838
28877
47798
100977
24432
73009
73061
5672
20568
20577
41716
41723
41766
41121
80026
19133
22653
22662
22524
48299
48329
15893
15903
15938
19310
42591
72272
28453
47936
28173
28186
40648
40651
40672
24571
24573
24600
24621
37558
37607
7331
7358
7379
32990
29884
18434
55242
55275
55277
31505
17151
17173
17175
45484
47427
77192
85902
85948
50413
50425
50434
50485
50488
50503
6495
8200
5277
5287
5327
18371
7811
7815
37142
47322
47364
28944
110222
110233
66806
66834
66880
66883
66911
6821
34236
34237
27291
27296
27308
27311
47546
15432
16168
16181
34654
18829
18837
36824
40388
4304
26057
26058
26061
26073
26088
41604
13763
50682
50724
32362
70936
70945
70977
31055
31072
31103
44446
38718
46247
35477
48869
73250
18340
18378
74167
34973
34999
49477
49482
49487
136111
136129
48378
39477
42133
7265
7291
20669
20674
40167
40171
13707
13735
31685
31706
31723
31734
26830
26839
49258
36396
36405
27181
10648
44077
44107
44110
11418
35160
32784
35554
4904
4913
4947
15074
15098
15102
14062
62726
62735
17217
5407
36251
16517
20641
20646
20649
11510
15021
69536
23077
78385
6103
22717
34923
34938
34147
62709
38161
38218
22637
22638
22652
22680
42503
43167
17763
17768
40224
40238
29586
29591
29643
32556
32574
32588
71264
95297
8559
45384
53760
53790
57636
19354
19399
21674
21704
45889
84009
18819
910
57612
56889
45224
58976
25600
50853
50856
50880
50892
9732
2025
2040
32649
32653
32664
32676
37047
37056
37068
37070
37100
32843
8527
21908
11612
11655
40592
40631
44084
44096
44150
53801
53807
11824
11829
11960
42034
17672
17696
17703
17728
77014
79435
80106
26797
36300
36324
36333
17211
7458
10583
48207
48240
4233
27037
27045
33053
52512
17167
17197
38678
32304
32310
32400
21964
21970
21976
21988
68494
49416
101797
66029
27345
52680
37359
37373
37374
37380
89851
89860
89863
6184
8672
54822
92481
29113
29126
29129
29138
5687
10224
13783
13820
13824
81971
32792
32828
17432
17444
17466
36170
11171
11204
69733
101747
101748
101753
119854
31748
31752
31757
31765
54134
34649
2311
2353
4957
4984
108944
108956
108971
98950
98983
98985
30354
30372
33031
33035
37233
69130
69146
126713
126728
136346
15919
15926
15927
15941
1059
22234
28162
26603
41387
16245
16256
16258
16293
22709
39076
73639
91014
91052
103365
103386
45173
50569
59183
60818
20139
70913
43526
55119
55125
55141
55162
7379
7391
7397
16172
16189
16190
40342
40355
11047
18195
18212
18213
20813
38544
19747
19769
68358
68363
34663
34674
33662
4288
4290
11785
72306
72315
74632
74640
25974
62514
62516
62560
62569
52512
14466
14482
79973
24915
47511
47514
47543
47557
10125
59907
2307
20982
20999
21003
21023
24525
18529
18533
23167
46268
35643
35659
35689
44141
44164
44169
44172
44188
82161
82167
82173
82179
82188
82190
82195
9188
12754
12795
12808
55184
55213
20945
4559
12961
12968
32047
72011
107265
66656
66721
66738
66742
29135
23904
23908
23916
23934
54329
71781
71782
27888
27893
27895
27903
27909
27911
27913
26757
36020
8424
11025
11043
11056
40428
15781
33937
8924
103677
103682
54700
65156
863
883
893
906
48305
18190
26204
18721
18723
18726
23664
23694
20225
20241
82380
14723
14727
10961
40271
59933
49484
49487
49492
17574
8397
109013
25690
18934
18947
60832
61306
58253
18026
29238
15540
28802
43785
14651
14664
35824
35829
35838
35839
35841
35844
35848
35848
35860
35867
35867
35870
35870
35878
49424
49430
49437
49451
28054
8362
59058
5435
27853
17342
52617
52629
53714
53741
79785
79793
19675
19677
34879
43492
19202
22841
22852
47726
47750
115826
32914
43346
43347
42947
42971
38243
38260
241
93692
93696
93705
93719
57840
2421
2439
7415
93915
42531
42026
42028
3946
56100
56114
65058
65067
55313
55342
55357
13671
30283
30287
30288
8573
8598
303
45145
45148
45170
45175
4715
3776
3791
3823
3824
66681
50455
50457
54713
54719
97125
42464
13022
13046
13072
37916
37925
37950
95262
95273
55750
36461
36474
25822
25851
32649
32655
32665
32667
68782
68791
5525
50370
68425
68481
68799
68848
79700
3539
3540
3542
59443
11743
11799
28581
28585
65593
65208
15511
15517
13974
13988
14418
75134
75253
54390
54391
54396
54398
54399
54413
84490
50449
85031
28851
76652
76670
73179
73209
73218
25891
25894
40428
67783
67796
67801
15310
15314
33740
9911
9946
54580
68175
31837
48003
48021
90401
58332
59587
28691
28693
28706
88446
65199
65244
112369
8634
37874
51129
51138
42833
42851
69681
69694
40110
40142
24545
84717
84718
49895
66867
53739
64347
25690
89112
89163
56217
56222
56234
56265
57313
57333
57347
83057
11564
35097
23944
82155
38478
50808
50813
50848
50850
46421
46424
46488
51148
51154
51158
51174
69223
61737
3503
3527
64694
42860
34761
94345
45846
35437
35439
35450
35471
35472
35487
46455
33702
40801
55399
51988
71786
51654
51666
51682
14007
14018
14021
14031
14036
14082
14086
14107
49983
43723
30533
30557
30562
6108
6158
6164
6177
6182
44233
118197
118206
14149
121311
57307
67276
67279
67280
67289
8219
8253
8259
8265
100200
48001
63605
80028
36380
26532
26533
26543
77533
52121
52142
52144
76418
76458
36126
36143
36150
36157
41782
60844
60871
60882
21863
21876
21888
21898
21905
27424
114241
32301
103443
103476
55478
9228
66230
66252
66259
66271
83509
83532
8203
36505
66320
66360
55922
55941
65983
66339
15659
15672
30176
56740
33157
109896
35195
50154
3554
86291
67468
67484
97169
97179
15475
15532
19536
19570
19575
110611
110627
110641
41717
64666
5633
42619
11227
18904
18905
25598
33669
33689
75940
57883
38364
38382
29507
29533
29547
11408
23846
71541
53849
53860
53871
51451
51452
51481
79174
79226
80951
80961
80969
80990
63772
33537
12119
12153
12161
12163
18779
18782
18793
20087
27238
25784
74828
37858
49255
99452
39068
50909
50920
222179
12430
41644
51316
35900
35914
35932
42871
65929
65932
65938
6276
163761
75036
16710
21275
21295
88562
53200
108867
97890
25985
42139
42175
14176
32239
13618
58744
47180
47183
101352
101364
101365
9874
9893
9921
58234
38910
61733
61742
61754
61755
61756
34553
34558
114798
38755
39697
12942
25900
25928
43128
29308
19636
101362
101375
18438
159846
24613
35617
35636
35643
35651
57252
65538
58909
58910
42345
42346
42354
42362
42363
42366
42370
42390
63
4058
2844
62610
112309
60102
33203
130168
4768
4815
4819
71516
44553
121778
121810
121811
121813
38794
38803
18211
47748
50856
51506
51518
51524
51530
51560
77372
137535
12767
12788
12789
40332
95095
95105
38608
133840
22053
23325
23377
144939
144958
144961
104435
137492
47275
142180
51522
51523
51543
62758
16289
87337
92781
10842
90122
2830
74969
74976
74979
48359
48393
5035
66367
66375
66695
66698
66710
110909
110933
110957
59240
59258
88067
88073
88101
43847
19039
19076
38940
38987
38990
78417
78427
78430
78439
41729
41736
102699
44251
74642
74665
271
64009
64014
55915
55916
55933
55954
86335
70679
48194
21091
21114
21138
11166
79231
26715
26716
22820
31590
76087
76139
28157
28158
63628
63655
22752
22760
22773
22780
22792
22802
53858
76342
44434
44366
56746
56758
9624
66112
78745
102145
105331
120153
52838
63958
62268
62270
17920
39859
71688
71689
42840
42855
41619
9664
12072
80339
17142
17154
17161
17171
17176
17179
17185
17188
31368
29253
27442
70209
70006
70017
116803
116817
116818
116828
116831
117033
26418
26424
34137
50446
50487
50490
70513
39669
22305
103265
14384
43307
53543
53524
53539
53566
4027
4050
4059
94501
90429
90436
90453
90464
72610
72614
20239
20241
59931
65543
2080
2092
14700
62701
122456
122492
122501
47399
47402
49129
30787
86668
86720
67908
88116
99247
9709
11277
11443
11472
11496
11545
11551
92304
149680
128073
20257
78420
42712
42719
42720
21179
27872
27880
15247
116232
156743
164482
64405
64431
64452
64453
88307
72020
72042
72045
72051
37899
29121
131428
23204
27036
40723
91243
139469
139508
48179
48210
4761
4773
4781
109797
152804
152810
45927
32998
65959
134656
64375
110065
55297
55332
166342
166349
55843
59280
987
44621
47586
47631
109837
109838
109856
169238
169259
80552
77681
121637
42133
42165
42178
45853
84225
46328
93883
132963
132972
132988
132998
133005
133013
133014
133019
133023
2085
2087
2091
2121
2127
2131
86176
86178
29810
113493
18270
29723
50379
50385
103627
28345
42672
42763
42777
6913
6919
51614
51633
89111
89133
67009
29155
29157
39082
89699
137546
31052
31612
67988
9805
16203
21007
21028
21052
120474
46804
46829
102099
102111
102136
102154
55402
92217
35902
50129
50130
36155
78000
99883
99907
99923
52193
103508
103518
103528
103531
103537
112536
112564
112568
112575
42419
46890
26619
26645
26646
26651
15142
55251
55263
77690
46522
79791
79796
79847
85309
85370
116465
116472
116476
116485
116489
116493
116498
116503
131534
131557
131585
132234
132235
135107
43764
60511
97548
97551
120076
120090
3276
40160
14696
98993
83851
83902
20421
20423
14803
136645
136670
75320
75321
75326
75339
80504
74966
74976
74983
146312
57634
100986
99367
29117
29127
130029
130038
167597
107887
111711
73801
103200
103201
103219
63394
83989
83999
84023
18845
18876
18890
96193
70175
123777
123803
105976
105977
71260
71290
104389
149994
9055
9067
81108
67914
47129
57921
57962
114085
93235
157623
114178
126766
264
297
27362
27464
54009
54026
106741
106768
46315
46318
74032
74039
74054
63969
173329
173330
34003
34007
34041
6089
6116
6141
10600
10603
10629
10632
10644
15992
108811
108844
6856
9712
9713
9728
9729
36100
15958
15959
66212
66213
12616
12623
12657
12668
37273
37289
37317
61976
61981
61998
62022
60797
60846
56484
51916
9040
109409
109414
109462
83917
93798
113765
119881
51458
51492
51497
53925
63645
98551
98554
98570
45009
45037
45043
45053
45057
52301
94879
59709
59715
59719
59723
56518
113561
38115
110812
110827
110833
114473
113656
138191
57605
57622
57645
57652
57660
88345
88352
86522
52493
142133
18759
74649
74655
148570
48102
139585
139586
139597
139604
139605
139614
139617
139629
59313
59328
58115
58116
45236
61454
67560
67581
36357
36366
36367
36394
9161
79418
34384
34388
34399
34406
34650
34669
63534
63556
63561
59296
59307
30579
141594
15275
51015
51017
86472
18857
18871
18883
101481
101497
101502
75916
105490
105495
38787
38811
38820
99237
99246
99250
7705
67074
92580
92671
92692
85839
47437
47450
47471
163295
4468
20674
20682
16639
16679
52333
52358
7258
7272
7282
105207
194650
194654
194655
194671
68680
68842
68847
68851
68857
68896
68899
68923
153723
127880
127902
128408
237081
76800
76802
76836
127073
28474
85818
111357
111408
206626
206632
206645
206647
206657
206661
206662
190692
190714
54202
106649
15779
15805
114001
55039
94013
94038
15816
219702
219713
219729
219735
89523
143681
143683
7538
7577
19360
121512
97500
97514
97516
75745
75747
18
43
49
153769
51458
158912
44133
73374
153049
139125
139126
139129
139130
139146
48584
66188
18430
4778
4779
107719
11545
115023
28092
117307
27006
70013
101800
101853
108966
153314
9016
9038
9062
44464
89727
89748
89766
120065
120092
58002
69207
81780
81794
92466
140594
140623
7388
7405
9956
78280
78300
78303
76393
39046
39052
99958
99961
99988
11955
11989
11991
152682
152701
156152
22972
22999
23000
107280
107306
107316
111947
133873
133889
153911
91335
84020
84051
84057
258020
18031
18074
141830
141843
141864
37313
18149
18178
83089
83111
83112
15134
15151
15158
54055
45249
119095
121275
121285
121287
166465
203748
154260
154264
154290
154293
96297
541
47858
47861
140863
66229
51673
117354
46558
229887
229897
86508
31358
111097
92936
92962
139794
173273
173309
70962
155562
145454
149293
149294
149309
149310
149497
152534
156167
161599
153680
159785
123798
123820
147003
130003
130012
65615
65630
65653
84080
91259
91272
97536
75772
26822
26844
26857
176979
11290
11321
112002
112019
66569
140672
140682
140685
140690
140711
140721
1672
1674
1727
77017
77038
77055
22409
22414
153829
159626
35254
38853
29832
29836
29839
29842
29855
29857
29884
111690
111692
111697
111698
107255
107261
76039
76075
82856
82879
82907
108919
108928
108960
108971
108992
12248
114097
38850
161786
140857
119856
197960
197972
197974
142625
62523
62539
124153
124159
120673
120674
120696
120697
120701
120705
120726
23552
146358
146388
20599
84947
140789
140795
140806
65439
84269
171181
82257
82292
43648
43650
43672
43678
43699
201490
201521
201534
82288
82293
40015
40034
40035
40064
29695
165688
92569
212578
212579
212581
90869
202967
202979
202980
226778
133111
133222
182447
8732
51026
128254
21314
106311
106314
92937
116783
130194
8757
8795
11849
85026
85075
68531
52913
52925
52930
52946
136020
136040
136053
136064
82454
82504
97285
97303
97317
38529
51911
51915
99464
168031
168046
98796
13570
56070
56089
207392
207428
207433
207438
144901
144907
20193
20255
155109
155114
155132
155141
155142
155143
155145
155146
155160
146476
146495
146498
29612
76063
76074
139281
140524
140533
140555
143068
143076
143105
143140
27697
45699
36977
36982
36983
36997
37025
37028
18806
18812
18833
58965
58972
165088
165108
165114
102666
119888
119898
158752
158755
158792
168784
172701
72271
72280
72313
126790
20567
259005
18789
82578
82628
113543
113544
113572
113576
113582
120452
172469
172485
172486
172488
172510
124796
108977
317790
317792
317808
317810
317813
317816
26318
124998
125046
127262
110845
96747
31578
31586
45673
45676
21471
21491
96740
96742
96773
121332
9617
39178
39186
96409
96418
51992
52016
30964
30972
30979
92490
38622
163409
163411
66714
178030
100414
100420
100447
91195
140273
79509
79516
79524
370811
370838
74458
83317
83372
109978
110011
110054
110070
110101
110103
212479
212486
108246
108259
144022
144036
82889
43711
22014
229962
229979
229991
21515
21537
108997
109003
109029
109033
103722
120252
120261
74152
97988
98575
125660
125662
125667
268010
18953
18967
18971
18986
7931
7947
7948
125871
163056
163061
53971
53978
131425
131463
19530
165306
175190
175213
175231
181260
146990
147023
147230
124983
67754
67778
84709
95249
137066
137073
137087
160083
160086
160087
160089
160091
161497
108019
104295
159730
92572
46139
77983
156204
104651
42319
42358
42369
267636
81923
81935
164399
164406
164433
245163
245180
165709
165738
181875
200244
200276
200299
96833
64258
283471
283494
137429
137437
137450
196114
259127
259147
259164
259174
37553
114658
114697
114700
94487
94499
94506
165902
71558
154759
15500
16659
167627
167629
68505
68522
68548
110337
218378
218400
218411
8436
21253
21262
21313
66500
66506
66507
74499
174297
126171
146765
146768
83691
364228
364246
460854
117723
117774
142794
142819
227872
16436
16462
16471
16486
16487
216530
216532
216582
216822
186156
167782
192531
124116
205474
53117
309811
86437
27766
27768
27778
275796
275814
312471
330055
160567
196637
93134
157068
202244
216035
196064
196067
196085
70981
70986
71026
171072
244729
254954
293175
242182
115503
110427
184351
196820
197636
172405
172408
163782
163803
163826
163827
163838
203995
41259
41461
41486
41493
41523
124557
124565
124574
124580
124582
124588
279103
279114
279130
45202
45204
45207
45209
104340
104341
171680
171692
171695
171698
171702
236385
236386
254597
112205
112206
112214
213041
254239
254251
254253
45421
45467
63226
63231
150285
175638
175683
151954
151955
192188
24190
24198
24205
24224
24226
24243
44215
150300
155251
105476
204751
220377
34218
34257
61148
61160
165533
143362
143382
185170
212701
212714
227292
126650
175851
175869
248350
383184
303694
271702
214218
214232
214237
214240
214247
214258
214259
214416
214423
214450
214453
252144
276739
77264
77271
76221
271054
78555
101336
165964
70869
352027
352038
352045
352058
352071
145095
145103
145104
157284
264026
264032
264033
264037
24948
383262
165482
141548
141579
366129
560437
429841
